(  0.0 0.0 ) ( 10.0  0.0 ) 10000.0
( 10.0 0.0 ) (  0.0  0.0 ) 10000.0 
( 10.0 0.0 ) ( 20.0  0.0 ) 10000.0
( 20.0 0.0 ) ( 10.0  0.0 ) 10000.0
( 20.0 0.0 ) ( 30.0  0.0 ) 10000.0
( 30.0 0.0 ) ( 20.0  0.0 ) 10000.0
( 30.0 0.0 ) ( 40.0  0.0 ) 10000.0
( 40.0 0.0 ) ( 30.0  0.0 ) 10000.0
( 0.0  0.0 ) ( 0.0 10.0 ) 40000.0
( 0.0 10.0 ) ( 0.0  0.0 ) 20000.0 
( 0.0 10.0 ) ( 0.0 20.0 ) 40000.0
( 0.0 20.0 ) ( 0.0 10.0 ) 20000.0
( 0.0 20.0 ) ( 0.0 30.0 ) 40000.0
( 0.0 30.0 ) ( 0.0 20.0 ) 20000.0
(  0.0 10.0 ) ( 10.0 10.0 ) 10000.0 
( 10.0 10.0 ) (  0.0 10.0 ) 10000.0
( 10.0 10.0 ) ( 20.0 10.0 ) 10000.0
( 20.0 10.0 ) ( 10.0 10.0 ) 10000.0
( 20.0 10.0 ) ( 30.0 10.0 ) 10000.0
( 30.0 10.0 ) ( 20.0 10.0 ) 10000.0
( 30.0 10.0 ) ( 40.0 10.0 ) 10000.0
( 40.0 10.0 ) ( 30.0 10.0 ) 10000.0
(  0.0 20.0 ) ( 10.0 20.0 ) 10000.0 
( 10.0 20.0 ) (  0.0 20.0 ) 10000.0
( 10.0 20.0 ) ( 20.0 20.0 ) 10000.0
( 20.0 20.0 ) ( 10.0 20.0 ) 10000.0
( 20.0 20.0 ) ( 30.0 20.0 ) 10000.0
( 30.0 20.0 ) ( 20.0 20.0 ) 10000.0
( 30.0 20.0 ) ( 40.0 20.0 ) 10000.0
( 40.0 20.0 ) ( 30.0 20.0 ) 10000.0
(  0.0 30.0 ) ( 10.0 30.0 ) 10000.0 
( 10.0 30.0 ) (  0.0 30.0 ) 10000.0
( 10.0 30.0 ) ( 20.0 30.0 ) 10000.0
( 20.0 30.0 ) ( 10.0 30.0 ) 10000.0
( 20.0 30.0 ) ( 30.0 30.0 ) 10000.0
( 30.0 30.0 ) ( 20.0 30.0 ) 10000.0
( 30.0 30.0 ) ( 40.0 30.0 ) 10000.0
( 40.0 30.0 ) ( 30.0 30.0 ) 10000.0
( 40.0  0.0 ) ( 40.0 10.0 ) 5000.0 
( 40.0 10.0 ) ( 40.0  0.0 ) 5000.0
( 40.0 10.0 ) ( 40.0 20.0 ) 5000.0
( 40.0 20.0 ) ( 40.0 10.0 ) 5000.0
( 40.0 20.0 ) ( 40.0 30.0 ) 5000.0
( 40.0 30.0 ) ( 40.0 20.0 ) 5000.0